A:
5 3 1 4 0 3 3 8 6 1
9 5 7 8 8 2 3 3 6 0
9 6 9 7 1 0 9 0 2 6
7 2 5 2 9 1 7 4 6 7
7 6 8 6 1 4 4 5 0 7
0 1 1 5 2 4 0 6 5 2
7 4 9 2 5 6 4 8 5 2
3 1 1 2 7 1 9 0 5 8
0 9 0 1 9 4 6 0 3 5
6 0 3 9 5 1 2 2 3 3

B:
6 0 2 3 6 4 6 9 0 8
3 5 4 1 4 3 4 9 9 4
2 2 5 7 0 0 7 2 5 5
5 0 1 9 7 1 1 0 4 6
8 6 9 5 0 7 6 4 3 7
3 4 3 2 4 5 7 5 6 7
3 3 4 6 8 7 3 0 6 5
2 8 9 3 0 2 2 3 1 8
5 5 8 8 8 4 5 6 9 5
1 0 8 8 4 1 2 1 6 5

A*B:
30 0 2 12 0 12 18 72 0 8
27 25 28 8 32 6 12 27 54 0
18 12 45 49 0 0 63 0 10 30
35 0 5 18 63 1 7 0 24 42
56 36 72 30 0 28 24 20 0 49
0 4 3 10 8 20 0 30 30 14
21 12 36 12 40 42 12 0 30 10
6 8 9 6 0 2 18 0 5 64
0 45 0 8 72 16 30 0 27 25
6 0 24 72 20 1 4 2 18 15
