A:
5 3 1 4 0 3 3 8 6 1
9 5 7 8 8 2 3 3 6 0
9 6 9 7 1 0 9 0 2 6
7 2 5 2 9 1 7 4 6 7
7 6 8 6 1 4 4 5 0 7
0 1 1 5 2 4 0 6 5 2
7 4 9 2 5 6 4 8 5 2
3 1 1 2 7 1 9 0 5 8
0 9 0 1 9 4 6 0 3 5
6 0 3 9 5 1 2 2 3 3

B:
6 0 2 3 6 4 6 9 0 8
3 5 4 1 4 3 4 9 9 4
2 2 5 7 0 0 7 2 5 5
5 0 1 9 7 1 1 0 4 6
8 6 9 5 0 7 6 4 3 7
3 4 3 2 4 5 7 5 6 7
3 3 4 6 8 7 3 0 6 5
2 8 9 3 0 2 2 3 1 8
5 5 8 8 8 4 5 6 9 5
1 0 8 8 4 1 2 1 6 5

A@B:
126 132 180 165 158 110 131 150 152 216
238 158 246 272 210 176 238 227 223 314
176 91 203 282 239 145 203 175 238 275
209 161 301 281 200 192 221 187 226 303
155 120 222 245 184 124 198 179 216 286
97 108 154 145 103 76 97 89 127 164
195 193 284 247 176 173 252 223 229 325
152 105 223 230 184 162 148 109 196 211
154 148 218 171 151 170 162 160 229 203
158 77 158 213 155 106 134 112 131 215
