A:
5 3 1 4 0 3 3 8 6 1
9 5 7 8 8 2 3 3 6 0
9 6 9 7 1 0 9 0 2 6
7 2 5 2 9 1 7 4 6 7
7 6 8 6 1 4 4 5 0 7
0 1 1 5 2 4 0 6 5 2
7 4 9 2 5 6 4 8 5 2
3 1 1 2 7 1 9 0 5 8
0 9 0 1 9 4 6 0 3 5
6 0 3 9 5 1 2 2 3 3

B:
6 0 2 3 6 4 6 9 0 8
3 5 4 1 4 3 4 9 9 4
2 2 5 7 0 0 7 2 5 5
5 0 1 9 7 1 1 0 4 6
8 6 9 5 0 7 6 4 3 7
3 4 3 2 4 5 7 5 6 7
3 3 4 6 8 7 3 0 6 5
2 8 9 3 0 2 2 3 1 8
5 5 8 8 8 4 5 6 9 5
1 0 8 8 4 1 2 1 6 5

A+B:
11 3 3 7 6 7 9 17 6 9
12 10 11 9 12 5 7 12 15 4
11 8 14 14 1 0 16 2 7 11
12 2 6 11 16 2 8 4 10 13
15 12 17 11 1 11 10 9 3 14
3 5 4 7 6 9 7 11 11 9
10 7 13 8 13 13 7 8 11 7
5 9 10 5 7 3 11 3 6 16
5 14 8 9 17 8 11 6 12 10
7 0 11 17 9 2 4 3 9 8
